1000 1000
Room_444 1
52.6 190.4 73.6 236.7 73.6 223.9
Room_445 1
87.7 386.5 108.0 431.5 87.7 404.1
Room_446 1
87.3 360.1 108.0 386.5 87.3 379.0
Room_447 1
87.7 316.5 108.0 360.1 87.7 327.8
Room_440 1
52.6 298.9 73.6 319.9 73.6 312.1
Room_441 1
52.6 278.0 73.6 299.0 73.6 291.1
Room_442 1
52.6 257.0 73.6 278.0 73.6 270.2
Room_443 1
52.6 236.0 73.6 257.0 73.6 249.2
Room_401 1
52.6 446.3 108.0 526.8 0 526.8
Room_464 1
512.8 315.9 540.0 354.4 529.3 354.4
Room_465 1
344.5 375.3 390.6 401.0 377.9 375.3
Room_448 1
87.3 257.0 108.0 316.5 87.3 277.3
Room_449 1
73.3 431.4 108.0 446.3 82.1 431.4
Room_460 1
226.3 330.4 262.8 354.4 262.8 342.7
Room_461 1
281.7 315.9 360.6 354.4 346.2 354.4
Room_4012 1
660.3 191.9 700.4 215.9 680.9 215.9
Room_4013 1
660.3 234.7 700.4 258.4 671.2 234.7
Room_498 1
740.9 379.5 762.7 410.4 762.7 404.4
Room_4011 1
700.4 234.7 741.0 258.4 713.1 234.7
Room_4016 1
700.4 191.9 728.6 215.9 718.3 215.9
Room_4017 1
620.1 234.7 660.3 258.4 651.7 234.7
Room_4014 1
620.1 191.9 660.3 215.7 647.3 215.7
Room_4015 1
728.6 191.9 762.0 215.9 748.6 215.9
Lift_401 1
390.6 375.3 416.3 401.0
Lift_402 1
452.1 375.3 480.9 401.0
Room_4019 1
576.8 191.9 620.1 215.9 589.7 215.9
Room_4018 1
588.7 234.3 620.1 258.4 610.1 234.3
Room_4024 1
559.6 305.0 588.7 328.4 559.6 313.8
Steps_4013 1
559.8 354.4 588.7 374.9
Steps_4012 1
559.6 234.7 588.7 258.4
Steps_4011 1
740.9 234.7 762.7 252.8
Steps_4010 1
740.9 410.5 762.7 432.1
Passage_404 1
762.7 234.7 777.2 432.1
Passage_405 1
262.8 215.8 281.7 354.4
Passage_406 1
73.7 215.8 262.8 232.0
Passage_407 1
73.3 231.9 87.3 431.4
Passage_401 1
263.0 354.0 559.8 375.0
Passage_402 1
540.0 215.8 559.6 354.5
Passage_403 1
559.6 215.8 777.3 234.7
Room_435 1
52.6 403.7 73.6 424.7 73.6 416.9
Room_434 1
52.6 424.7 73.6 446.3 73.6 428.0
Room_437 1
52.6 361.8 73.6 382.8 73.6 375.0
Room_436 1
52.6 382.7 73.6 403.7 73.6 395.9
Room_439 1
52.6 319.9 73.6 340.9 73.6 333.1
Room_438 1
52.6 340.8 73.6 361.8 73.6 354.0
Room_457 1
191.8 232.0 233.7 257.0 218.2 232.0
Room_456 1
149.9 232.0 191.8 257.0 176.3 232.0
Room_455 1
107.8 232.0 149.9 257.0 134.4 232.0
Room_454 1
240.8 190.4 281.7 215.1 256.0 215.1
Room_453 1
198.2 190.4 240.8 215.5 214.5 215.5
Room_452 1
152.7 190.4 199.0 215.5 184.6 215.5
Room_451 1
115.1 190.4 152.6 215.7 142.7 215.7
Room_450 1
73.5 190.4 115.1 215.7 80.9 215.7
Room_462 1
360.7 315.9 436.8 354.4 419.9 354.4
Room_459 1
226.3 297.2 262.3 330.3 262.3 315.9
Room_458 1
226.3 257.0 262.8 297.2 262.8 270.2
Room_4005 1
777.3 359.3 798.9 395.1 777.3 385.6
Room_4004 1
777.3 395.0 798.9 432.1 777.3 419.0
Room_4007 1
777.3 284.3 798.9 315.9 777.3 298.8
Room_4006 1
777.3 315.9 798.9 359.3 777.3 345.9
Room_4001 1
740.9 315.9 762.7 349.1 762.7 328.4
Room_4003 1
740.9 432.1 798.9 453.1 771.2 432.1
Room_4002 1
740.9 252.8 762.7 315.9 762.7 292.1
Room_4022 1
559.6 258.4 588.7 279.7 559.6 268.0
Room_4025 1
559.6 328.4 588.7 353.7 559.6 340.1
Room_463 1
436.7 315.9 512.8 354.4 498.6 354.4
Room_4023 1
559.6 279.6 588.7 305.0 559.6 291.3
Room_4008 1
777.3 252.8 798.9 284.4 777.3 271.3
Room_4021 1
524.1 191.7 540.0 229.6 540.0 220.7
Room_4020 1
540.0 191.9 576.8 215.9 550.8 215.9
Room_40009 1
777.3 215.8 798.9 252.8 777.3 228.6
Room_4027 1
520.1 375.0 547.1 400.5 535.0 375.0
Room_4010 1
762.0 191.9 798.9 215.7 770.0 215.7
Steps_403 1
87.7 526.7 108.0 557.5
Steps_402 1
52.6 526.7 73.6 557.5
Steps_407 1
416.3 375.3 452.3 401.0
Steps_406 1
226.3 354.4 262.8 375.0
Steps_405 1
233.7 232.0 262.8 257.0
Steps_404 1
87.3 232.0 107.8 257.0
Room_4028 1
480.9 375.0 520.1 400.5 505.8 375.0
Room_499 1
740.9 349.1 762.7 379.5 762.7 368.5
Room_4039 1
299.4 375.0 344.5 401.0 327.1 375.0
