1000 1000
Room_369 1
480.9 456.6 507.3 491.6 507.3 475.4
Room_338 1
52.6 340.8 73.6 361.8 73.6 354.0
Room_339 1
52.6 319.9 73.6 340.9 73.6 333.1
Room_332 1
87.7 635.5 108.0 660.0 87.7 642.4
Room_333 1
87.7 612.3 108.0 635.5 87.7 617.8
Room_330 1
87.7 684.5 108.0 709.0 87.7 691.4
Room_331 1
87.7 660.0 108.0 684.5 87.7 666.9
Room_336 1
52.6 382.7 73.6 403.7 73.6 395.9
Room_337 1
52.6 361.8 73.6 382.8 73.6 375.0
Room_334 1
52.6 424.7 73.6 446.3 73.6 428.0
Room_335 1
52.6 403.7 73.6 424.7 73.6 416.9
Room_329 1
87.7 709.0 108.0 733.5 87.7 715.9
Room_328 1
52.6 733.5 108.0 757.9 81.5 733.5
Room_325 1
52.6 660.0 73.6 684.5 73.6 675.8
Room_324 1
52.6 635.5 73.6 660.0 73.6 651.3
Room_327 1
52.6 709.0 73.6 733.5 73.6 724.9
Room_326 1
52.6 684.5 73.6 709.0 73.6 700.3
Room_321 1
52.6 572.2 74.0 586.8 74.0 579.7
Room_320 1
52.6 557.5 73.6 572.2 73.6 567.2
Room_323 1
52.6 611.0 73.6 635.5 73.6 626.8
Room_322 1
52.6 586.7 73.6 611.2 73.6 602.6
Room_201 1
52.6 446.3 108.0 526.8 0 526.8
Steps_3 1
87.7 526.7 108.0 557.5
Passage_30308 1
507.2 426.0 523.7 568.0
Passage_30309 1
507.2 568.0 615.7 589.6
Room_360 1
226.3 330.4 262.8 354.4 262.8 342.7
Passage_304 1
762.7 234.7 777.2 432.1
Passage_305 1
262.8 215.8 281.7 354.4
Passage_306 1
73.7 215.8 262.8 232.0
Passage_307 1
73.3 231.9 87.3 431.4
Passage_301 1
263.0 354.0 559.8 375.0
Passage_302 1
540.0 215.8 559.6 354.5
Passage_303 1
559.6 215.8 777.3 234.7
Room_358 1
226.3 257.0 262.8 297.2 262.8 270.2
Room_359 1
226.3 297.2 262.3 330.3 262.3 315.9
Room_350 1
73.5 190.4 115.1 215.7 80.9 215.7
Room_351 1
115.1 190.4 152.6 215.7 142.7 215.7
Room_352 1
152.7 190.4 199.0 215.5 184.6 215.5
Room_353 1
198.2 190.4 240.8 215.5 214.5 215.5
Room_354 1
240.8 190.4 281.7 215.1 256.0 215.1
Room_355 1
107.8 232.0 149.9 257.0 134.4 232.0
Room_356 1
149.9 232.0 191.8 257.0 176.3 232.0
Room_357 1
191.8 232.0 233.7 257.0 218.2 232.0
Room_367 1
523.5 426.2 547.2 456.6 523.5 445.9
Room_366 1
480.9 400.5 547.2 426.2 515.7 426.2
Passage_3016 1
334.5 526.7 382.0 536.2
Passage_3017 1
358.1 513.5 382.0 526.7
Passage_3014 1
151.3 568.0 394.3 586.9
Passage_3015 1
318.2 426.7 334.4 568.0
Passage_3013 1
73.5 526.7 87.7 733.5
Passage_3011 1
764.9 567.5 778.3 734.1
Room_349 1
73.3 431.4 108.0 446.3 82.1 431.4
Room_348 1
87.3 257.0 108.0 316.5 87.3 277.3
Room_343 1
52.6 236.0 73.6 257.0 73.6 249.2
Room_342 1
52.6 257.0 73.6 278.0 73.6 270.2
Room_341 1
52.6 278.0 73.6 299.0 73.6 291.1
Room_340 1
52.6 298.9 73.6 319.9 73.6 312.1
Room_347 1
87.7 316.5 108.0 360.1 87.7 327.8
Room_346 1
87.3 360.1 108.0 386.5 87.3 379.0
Room_345 1
87.7 386.5 108.0 431.5 87.7 404.1
Room_344 1
52.6 190.4 73.6 236.7 73.6 223.9
Room_3028 1
480.9 375.0 520.1 400.5 505.8 375.0
Room_3026 1
547.1 374.6 588.7 441.4 553.9 374.6
Room_3027 1
520.1 375.0 547.1 400.5 535.0 375.0
Room_3024 1
559.6 305.0 588.7 328.4 559.6 313.8
Room_3025 1
559.6 328.4 588.7 353.7 559.6 340.1
Room_3022 1
559.6 258.4 588.7 279.7 559.6 268.0
Room_3023 1
559.6 279.6 588.7 305.0 559.6 291.3
Room_3020 1
540.0 191.9 576.8 215.9 550.8 215.9
Room_3021 1
524.1 191.7 540.0 229.6 540.0 220.7
Room_378 1
778.6 613.1 798.9 636.3 778.6 618.7
Room_379 1
778.6 636.3 798.9 660.8 778.6 643.2
Room_376 1
615.7 567.5 722.2 624.8 615.7 580.1
Room_377 1
778.6 585.2 798.9 613.1 778.6 599.1
Room_374 1
523.7 536.1 580.3 567.9 539.3 567.9
Room_375 1
523.1 589.6 615.7 624.8 598.7 589.6
Room_372 1
523.5 505.3 547.2 535.8 523.5 518.8
Room_373 1
480.9 491.6 507.1 530.9 507.1 509.9
Room_370 1
523.5 456.6 547.2 491.6 523.5 466.5
Room_371 1
523.5 491.6 547.2 505.2 523.5 499.6
Room_3013 1
660.3 234.7 700.4 258.4 671.2 234.7
Room_3012 1
660.3 191.9 700.4 215.9 680.9 215.9
Room_3011 1
700.4 234.7 741.0 258.4 713.1 234.7
Room_3010 1
762.0 191.9 798.9 215.7 770.0 215.7
Room_3017 1
620.1 234.7 660.3 258.4 651.7 234.7
Room_3016 1
700.4 191.9 728.6 215.9 718.3 215.9
Room_3015 1
728.6 191.9 762.0 215.9 748.6 215.9
Room_3014 1
620.1 191.9 660.3 215.7 647.3 215.7
Room_3019 1
576.8 191.9 620.1 215.9 589.7 215.9
Room_3018 1
588.7 234.3 620.1 258.4 610.1 234.3
Room_363 1
436.7 315.9 512.8 354.4 498.6 354.4
Room_361 1
281.7 315.9 360.6 354.4 346.2 354.4
Steps_2 1
52.6 526.7 73.6 557.5
Steps_1 1
365.6 586.9 394.3 612.9
Room_362 1
360.7 315.9 436.8 354.4 419.9 354.4
Room_365 1
344.5 375.3 390.6 401.0 377.9 375.3
Steps_6 1
226.3 354.4 262.8 375.0
Steps_5 1
233.7 232.0 262.8 257.0
Steps_4 1
87.3 232.0 107.8 257.0
Steps_7 1
416.3 375.3 452.3 401.0
Room_368 1
480.9 426.0 507.3 456.6 507.3 442.9
Steps_9 1
778.3 567.6 798.9 585.2
Steps_8 1
507.2 589.6 523.1 624.8
Room_3004 1
777.3 395.0 798.9 432.1 777.3 419.0
Room_3005 1
777.3 359.3 798.9 395.1 777.3 385.6
Room_3006 1
777.3 315.9 798.9 359.3 777.3 345.9
Room_3007 1
777.3 284.3 798.9 315.9 777.3 298.8
Room_3001 1
740.9 315.9 762.7 349.1 762.7 328.4
Room_3002 1
740.9 252.8 762.7 315.9 762.7 292.1
Room_3003 1
740.9 432.1 798.9 453.1 771.2 432.1
Room_3008 1
777.3 252.8 798.9 284.4 777.3 271.3
Room_398 1
740.9 379.5 762.7 410.4 762.7 404.4
Room_399 1
740.9 349.1 762.7 379.5 762.7 368.5
Lift_1 1
390.6 375.3 416.3 401.0
Room_395 1
226.3 375.3 344.5 401.0 287.8 375.3
Lift_2 1
452.1 375.3 480.9 401.0
Steps_13 1
559.8 354.4 588.7 374.9
Steps_12 1
559.6 234.7 588.7 258.4
Steps_11 1
740.9 234.7 762.7 252.8
Room_364 1
512.8 315.9 540.0 354.4 529.3 354.4
Room_314 1
151.3 531.4 247.7 568.0 185.6 568.0
Room_315 1
121.4 531.4 151.2 612.9 151.2 578.1
Room_316 1
151.3 586.9 208.8 612.9 193.2 586.9
Room_317 1
208.7 586.9 274.2 612.9 259.3 586.9
Room_310 1
358.4 536.2 394.3 567.8 370.6 536.2
Room_311 1
334.5 536.2 358.2 568.0 344.8 536.2
Room_312 1
291.9 492.2 318.1 531.5 318.1 510.4
Room_313 1
247.6 531.4 318.1 568.0 274.3 568.0
Room_318 1
274.3 586.9 365.6 612.9 295.3 586.9
Room_319 1
87.7 557.5 121.4 612.9 87.7 577.5
Room_30009 1
777.3 215.8 798.9 252.8 777.3 228.6
Room_389 1
722.2 494.3 798.9 567.6 771.2 567.6
Room_388 1
722.2 567.5 764.5 636.3 764.5 627.6
Room_387 1
743.5 636.3 764.5 660.8 764.5 652.1
Room_386 1
743.5 660.8 764.5 685.3 764.5 676.7
Room_385 1
743.5 685.3 764.5 709.8 764.5 701.2
Room_384 1
743.5 709.8 764.5 734.3 764.5 725.7
Room_383 1
743.5 734.3 798.9 758.7 772.4 734.3
Room_382 1
778.6 709.8 798.9 734.3 778.6 716.7
Room_381 1
778.6 685.3 798.9 709.8 778.6 692.2
Room_380 1
778.6 660.8 798.9 685.3 778.6 667.7
Steps_10 1
740.9 410.5 762.7 432.1
Room_307 1
334.5 505.8 358.2 526.7 358.2 518.8
Room_306 1
334.5 492.2 358.2 505.8 334.5 500.1
Room_305 1
334.5 457.1 358.2 492.1 334.5 467.0
Room_304 1
291.9 457.1 318.3 492.1 318.3 475.9
Room_303 1
291.9 426.5 318.3 457.1 318.3 443.4
Room_302 1
334.5 426.7 358.2 457.1 334.5 446.4
Room_301 1
291.9 401.0 358.2 426.7 326.7 426.7
Room_309 1
382.0 499.0 394.3 536.2 382.0 518.8
Room_308 1
358.4 499.0 382.0 513.5 370.4 513.5
