1000 1000
Room_338 1
52.5 340.8 73.5 361.8 73.5 354.0
Room_339 1
52.5 319.9 73.5 340.9 73.5 333.1
Room_332 1
87.7 635.5 108.0 660.0 87.7 642.4
Room_333 1
87.7 612.3 108.0 635.5 87.7 617.8
Room_330 1
87.7 684.5 108.0 709.0 87.7 691.4
Room_331 1
87.7 660.0 108.0 684.5 87.7 666.9
Room_336 1
52.5 382.8 73.5 403.8 73.5 395.9
Room_337 1
52.5 361.8 73.5 382.8 73.5 375.0
Room_334 1
52.5 424.7 73.5 445.7 73.5 428.0
Room_335 1
52.5 403.7 73.5 424.7 73.5 416.9
Room_329 1
87.7 709.0 108.0 733.5 87.7 715.9
Room_328 1
52.5 733.5 107.9 757.9 81.5 733.5
Room_325 1
52.5 660.0 73.5 684.5 73.5 675.8
Room_324 1
52.5 635.5 73.5 660.0 73.5 651.3
Room_327 1
52.5 709.0 73.5 733.5 73.5 724.9
Room_326 1
52.5 684.5 73.5 709.0 73.5 700.4
Room_321 1
52.5 572.2 73.9 586.8 73.9 579.7
Room_320 1
52.5 557.5 73.5 572.2 73.5 567.2
Room_323 1
52.5 611.0 73.5 635.5 73.5 626.8
Room_322 1
52.5 586.8 73.5 611.3 73.5 602.6
Room_201 1
52.5 446.3 107.9 526.8 0 526.8
Steps_3 1
87.7 526.8 108.0 557.6
Passage_8 1
507.2 426.5 529.3 568.0
Passage_9 1
507.2 568.0 615.7 589.6
Room_360 1
226.3 330.4 262.8 354.4 262.8 342.7
Passage_4 1
762.8 234.7 777.3 453.1
Passage_5 1
262.8 215.8 281.7 354.4
Passage_6 1
74.2 215.8 262.8 232.0
Passage_7 1
73.3 231.9 87.3 431.4
Passage_1 1
263.0 354.0 559.8 375.0
Passage_2 1
540.0 215.8 559.6 353.7
Passage_3 1
559.6 215.8 777.3 234.7
Room_358 1
226.3 257.0 262.8 297.2 262.8 270.2
Room_359 1
226.3 297.2 262.3 330.3 262.3 315.9
Room_350 1
122.5 211.8 147.6 232.8 81.0 211.8
Room_351 1
185.3 211.9 210.6 232.9 143.8 211.9
Room_352 1
216.8 201.3 241.9 243.2 172.6 243.2
Room_353 1
258.7 201.3 283.8 243.2 214.5 243.2
Room_354 1
300.1 201.8 325.2 242.7 256.0 242.7
Room_355 1
167.8 242.8 192.9 284.7 134.3 284.7
Room_356 1
209.7 242.8 234.8 284.7 176.3 284.7
Room_357 1
251.6 242.8 276.7 284.7 218.2 284.7
Passage_16 1
334.5 526.6 382.0 536.1
Passage_17 1
358.1 513.5 382.0 526.7
Passage_14 1
151.3 568.0 394.3 586.9
Passage_15 1
318.2 426.7 334.4 568.0
Passage_13 1
73.5 526.8 87.7 733.6
Passage_10 1
603.5 432.1 762.7 453.1
Passage_11 1
761.7 568.0 778.3 758.7
Room_349 1
73.3 431.4 108.0 446.3 82.1 431.4
Room_348 1
86.7 257.0 108.0 316.5 86.7 277.3
Room_343 1
52.5 236.0 73.5 257.0 73.5 249.2
Room_342 1
52.5 257.0 73.5 278.0 73.5 270.2
Room_341 1
52.5 278.0 73.5 299.0 73.5 291.1
Room_340 1
52.5 298.9 73.5 319.9 73.5 312.1
Room_347 1
87.7 316.5 108.0 360.1 87.7 327.8
Room_346 1
87.3 360.1 108.0 386.5 87.3 379.0
Room_345 1
87.7 386.5 108.0 431.5 87.7 404.1
Room_344 1
52.5 190.4 73.5 236.7 73.5 223.9
Room_363 1
436.7 315.9 512.8 354.0 498.6 354.0
Room_361 1
281.7 315.9 360.6 354.4 346.2 354.4
Steps_2 1
52.5 526.8 73.5 557.6
Steps_1 1
365.6 586.9 394.3 612.9
Room_362 1
360.7 315.9 436.8 355.0 419.9 355.0
Room_365 1
344.5 375.3 390.6 401.0 377.9 375.3
Steps_6 1
226.3 354.4 262.8 375.0
Steps_5 1
233.7 232.0 262.8 257.0
Steps_4 1
86.7 232.0 107.8 257.0
Steps_7 1
416.3 375.3 452.3 401.0
Lift_1 1
390.6 375.3 416.3 401.0
Room_395 1
226.3 375.3 344.5 401.0 287.8 375.3
Lift_2 1
452.1 377.3 477.8 403.0
Room_364 1
512.8 315.9 540.0 355.0 529.3 355.0
Room_314 1
151.3 531.4 247.7 568.0 185.6 568.0
Room_315 1
121.4 531.4 151.2 612.9 151.2 578.1
Room_316 1
151.3 586.9 208.8 612.9 193.2 586.9
Room_317 1
208.7 586.9 274.2 612.9 259.3 586.9
Room_310 1
358.4 535.7 394.3 567.4 370.6 535.7
Room_311 1
334.5 536.2 358.2 568.0 344.8 536.2
Room_312 1
291.9 492.1 318.1 531.4 318.1 510.4
Room_313 1
247.6 531.4 318.1 568.0 274.3 568.0
Room_318 1
274.3 586.9 365.6 612.9 295.3 586.9
Room_319 1
87.7 557.5 121.4 612.9 87.7 577.5
Room_307 1
334.5 505.8 358.2 526.7 358.2 518.8
Room_306 1
334.5 492.1 358.2 505.7 334.5 500.1
Room_305 1
334.5 457.1 358.2 492.1 334.5 467.0
Room_304 1
291.9 457.1 318.3 492.1 318.3 475.9
Room_303 1
291.9 427.2 318.3 457.1 318.3 443.4
Room_302 1
334.5 426.7 358.2 457.1 334.5 446.4
Room_301 1
291.9 401.0 358.2 426.7 326.7 426.7
Room_309 1
382.0 499.0 394.3 536.2 382.0 518.8
Room_308 1
358.4 499.0 382.0 513.5 370.4 513.5
